26234
0xb9a9
0x7837dabf
4
0
256
256
0
0
0
20036
0x3909
0xe3158bd3
4
0
256
256
1
1
0
17643
0xcd21
0x44a52117
1
0
256
256
0
0
0
25317
0xba0b
0x90389e5a
4
0
256
256
1
1
0
21985
0x2f0c
0xb258388d
4
0
256
256
1
0
0
28436
0x5ce7
0x721d16f9
4
0
256
256
1
0
0
27197
0x49c1
0x59b36266
4
0
256
256
1
0
0
14442
0x2ec2
0x98972ec3
1
0
256
256
0
0
0
11673
0x6387
0xeb6ad21
1
0
256
256
1
0
0
14184
0x6db2
0xfd33d8e1
1
0
256
256
1
0
0
24176
0x7aba
0xcaf7db32
4
0
256
256
0
0
0
23038
0xada1
0x801cf714
4
0
256
256
0
0
0
21004
0xfd2
0x17ea7b83
4
0
256
256
0
0
0
11580
0xf221
0x2a585e5c
4
0
256
256
0
0
0
29058
0x1fac
0x742d6990
1
0
256
256
0
0
0
16475
0xd5cf
0x45114d24
1
0
256
256
1
1
0
20531
0x37b6
0xfea89c42
4
0
256
256
0
0
0
19245
0x8ed4
0xd38da3a6
4
0
256
256
0
0
0
17234
0xf00
0xdfae5ff8
4
0
256
256
0
0
0
10840
0xf67c
0xa5e8e040
4
0
256
256
1
1
0
17531
0xec99
0x45187749
1
0
256
256
1
1
0
12031
0xc03d
0x120a85c4
1
0
256
256
0
0
0
18656
0x6c1b
0xff258601
4
0
256
256
1
1
0
27259
0x391a
0x9d53d01b
4
0
256
256
1
1
0
19035
0x375f
0x4539c0c6
4
0
256
256
0
0
0
25365
0x36e
0x3cfec0f1
4
0
256
256
1
0
0
15246
0x592b
0x18615574
4
0
256
256
1
1
0
16160
0x8777
0x23222bed
1
0
256
256
1
1
0
16685
0x5a61
0x4c17f17b
4
0
256
256
0
0
0
23241
0x718b
0x8ac7ba6a
4
0
256
256
1
0
0
22597
0x6726
0xc3491437
4
0
256
256
1
0
0
23651
0x4219
0x4fa323ee
1
0
256
256
1
0
0
26575
0xb565
0x5d2b5efa
4
0
256
256
1
1
0
25364
0xf248
0x5683094d
1
0
256
256
1
0
0
17246
0xf50c
0xcabd733e
1
0
256
256
0
0
0
23138
0x8dfd
0x296bc165
4
0
256
256
0
0
0
12671
0xdcdc
0x55228421
1
0
256
256
0
0
0
20052
0xfb0a
0x5ce8369
4
0
256
256
0
0
0
10623
0x3486
0x16a4b2ea
4
0
256
256
0
0
0
28281
0xd16e
0xb4883077
4
0
256
256
0
0
0
10794
0xd4ef
0x5206c006
4
0
256
256
0
0
0
13006
0xaeac
0x3ec60d40
1
0
256
256
1
1
0
23139
0x8194
0xb8ed8254
1
0
256
256
0
0
0
11223
0xcc60
0xe078867a
4
0
256
256
1
0
0
12005
0x7bc5
0xd6304316
1
0
256
256
1
0
0
13067
0x45ce
0x51c1af4c
4
0
256
256
0
0
0
16489
0x6a74
0x52e591d0
4
0
256
256
0
0
0
29950
0x6bc6
0x63c2ec0f
1
0
256
256
1
0
0
25693
0x2c31
0x905624bc
4
0
256
256
0
0
0
24684
0xe8a8
0x3765d94
4
0
256
256
0
0
0
