32
0x0
0x10000
1
0
256
256
0
0
3
rc0x4
rc0x8
rc0xc
32
0x1000
0x11000
1
0
256
256
0
0
1
rc0x1004
32
0x2000
0x12000
1
0
256
256
0
0
1
rc0x2004
32
0x3000
0x13000
1
0
256
256
0
0
1
rc0x3004
32
0x4000
0x14000
1
0
256
256
0
0
1
rc0x4004
32
0x5000
0x15000
1
0
256
256
0
0
1
rc0x5004
32
0x6000
0x16000
1
0
256
256
0
0
1
rc0x601c
4
0x0
0x10000
1
0
256
256
0
0
1
wa0x10000
32
0x1000
0x11000
1
0
2
2
0
0
0
8092
0x5000
0x15000
1
0
256
256
0
0
1
wa0x15000
32
0x0
0x10000
1
0
256
256
0
0
3
rc0x4
rc0x8
rc0xc
32
0x1000
0x11000
1
0
256
256
0
0
1
rc0x1004
32
0x2000
0x12000
1
0
256
256
0
0
1
rc0x2004
32
0x3000
0x13000
1
0
256
256
0
0
1
rc0x3004
32
0x4000
0x14000
1
0
256
256
0
0
1
rc0x4004
32
0x5000
0x15000
1
0
256
256
0
0
1
rc0x5004
32
0x6000
0x16000
1
0
256
256
0
0
1
rc0x601c
32
0x0
0x10000
1
0
256
256
0
0
1
wc0x10000
32
0x1000
0x11000
1
0
2
2
0
0
1
wc0x11004
