3434
0x4d0f2168
0xc1b8301e
1
0
16
4
0
0
1
wc0xc1b83357
14565
0x8a588f7
0x81440be9
1
0
256
32
0
0
1
wc0x814444b6
8996
0x3daf4923
0xcb135ed2
1
0
256
8
0
0
1
rc0x3daf55f4
15161
0x31b24861
0x981e72e1
1
0
64
4
0
0
1
ra0x31b24cbe
798
0x31be3884
0xb5a88200
1
0
1
128
0
0
1
ra0x31be393a
9449
0x3855bde
0xac3f6e8e
1
0
256
1
0
0
1
ra0x385696f
15475
0x162fac7c
0xb1f604a6
1
0
128
32
0
0
1
rc0x162fc351
11599
0x371c8eaa
0xa52f20ae
1
0
256
256
0
0
1
wc0xa52f47ef
11818
0x68c96912
0xd59a946f
1
0
1
1
0
0
1
ra0x68c97539
427
0x5332270
0xb336ce34
1
0
64
128
0
0
1
rc0x5332368
9797
0x6849c7a9
0xd311a892
1
0
4
16
0
0
1
rc0x6849cc34
7930
0x1407f9d5
0x8ccdc002
1
0
2
256
0
0
1
wa0x8ccdd443
11773
0x67c8908d
0x80bb0ce7
1
0
16
128
0
0
1
wa0x80bb11d0
8237
0x6efee2af
0x9981870e
1
0
2
128
0
0
1
rc0x6efeffa0
7071
0x3650fa1c
0xe47035fe
1
0
32
2
0
0
1
ra0x3650fefe
6322
0x6828e48b
0xa80a3e19
1
0
16
128
0
0
1
wc0xa80a40f4
5277
0xb24ee63
0xda39491d
1
0
16
256
0
0
1
ra0xb24fb6b
13424
0x267679ea
0xd962d262
1
0
2
2
0
0
1
wc0xd962da4f
16123
0x4d34f44
0x90696f0e
1
0
32
4
0
0
1
ra0x4d37408
15613
0x41b5dade
0xdebff0d5
1
0
16
1
0
0
1
wc0xdec022c0
13584
0x457f868c
0xdb9fad01
1
0
64
16
0
0
1
ra0x457f96c6
7351
0xc5e380b
0xbc099fe0
1
0
64
128
0
0
1
rc0xc5e54b9
1220
0xc8e2c2a
0xb1bf5b61
1
0
4
64
0
0
1
ra0xc8e2c80
6034
0x49f71ad6
0xa0cee2a1
1
0
64
1
0
0
1
rc0x49f7230c
10812
0x5b65462b
0x99767b75
1
0
1
64
0
0
1
ra0x5b655c91
15739
0x2a2151e1
0xcc479bc1
1
0
2
128
0
0
1
wa0xcc47a498
9791
0xeb7f97d
0xd6fa11f6
1
0
256
64
0
0
1
ra0xeb81bea
12714
0x1365f33f
0xd51d293c
1
0
256
32
0
0
1
ra0x1365fede
11971
0x2f0f15d7
0xcb817306
1
0
1
64
0
0
1
wc0xcb817bcc
7243
0x1bd3f097
0x96698c6f
1
0
1
1
0
0
1
rc0x1bd3fa66
11849
0x650a604d
0xb7705057
1
0
1
256
0
0
1
ra0x650a7362
9482
0x67909cdd
0x83523ec6
1
0
4
16
0
0
1
wa0x835249f0
11949
0x278922f2
0x97d35550
1
0
32
8
0
0
1
rc0x278940fa
2408
0x57b58dd6
0xed5c3d27
1
0
1
64
0
0
1
wc0xed5c3eb6
2103
0x5e3e3e38
0xb2f4e420
1
0
128
8
0
0
1
wc0xb2f4e9f8
5592
0x59b6c43a
0xc0cbf8a1
1
0
32
128
0
0
1
wa0xc0cbffb8
2434
0x39156ec4
0xe9e43ed1
1
0
8
8
0
0
1
wc0xe9e440b4
13558
0x1c62bdae
0xdc578a3a
1
0
64
128
0
0
1
wc0xdc57a0e7
14137
0x2f12093d
0x8d6f215e
1
0
64
1
0
0
1
rc0x2f12188b
6745
0x110a150a
0xe63a6ecb
1
0
2
4
0
0
1
ra0x110a2c9b
11404
0x35659934
0xbe731974
1
0
256
16
0
0
1
wc0xbe732f9d
14742
0x469f7f15
0xde9dceb7
1
0
128
4
0
0
1
ra0x469f9cd0
7089
0x5c7c51df
0xa676094c
1
0
128
1
0
0
1
wa0xa67611c1
15531
0x67e79527
0xd33d6f7f
1
0
256
256
0
0
1
ra0x67e7b6c7
5583
0x1e0194ef
0xef67a329
1
0
256
1
0
0
1
wa0xef67b84a
8990
0x2bea9d4f
0xbf179435
1
0
64
64
0
0
1
ra0x2beab816
6283
0x32ce187c
0xeb9d0e8f
1
0
16
32
0
0
1
ra0x32ce1b6c
4919
0x1cf59c8c
0xdc2f48c2
1
0
32
32
0
0
1
ra0x1cf5a932
7549
0x62ff2b2c
0x9626e947
1
0
64
1
0
0
1
rc0x62ff3779
6731
0x58a9f84a
0xe5ee7b6c
1
0
64
16
0
0
1
ra0x58aa0f8b
16322
0x2828e8df
0xda6af429
1
0
16
256
0
0
1
rc0x2828e910
9825
0x3101416c
0xe8499f54
1
0
8
128
0
0
1
wc0xe849b9eb
12152
0x23c255d5
0xd057e212
1
0
1
8
0
0
1
wa0xd05804b2
6491
0x692f66e0
0xac1e874f
1
0
1
64
0
0
1
rc0x692f7cf0
7079
0x4d7d562d
0xa8d69227
1
0
2
8
0
0
1
wa0xa8d6a956
4201
0x6a3e85e7
0x838dc315
1
0
32
128
0
0
1
ra0x6a3e8889
10239
0x1a2425e9
0xacfd3a12
1
0
256
32
0
0
1
rc0x1a244a21
2624
0x25b87bea
0xe78212bd
1
0
128
256
0
0
1
wc0xe7821a31
11846
0x6bef85d9
0x971a4f61
1
0
1
8
0
0
1
wa0x971a744b
2774
0x1775596c
0xe66a69e7
1
0
32
16
0
0
1
ra0x17756241
8654
0x43100abc
0xef370ab7
1
0
256
128
0
0
1
rc0x431010b8
5018
0x10d44ed5
0xb1b65ca6
1
0
128
32
0
0
1
ra0x10d45db7
1530
0x5122668a
0xcabd4840
1
0
128
8
0
0
1
wc0xcabd4889
13853
0x2564eaec
0x93aa7a88
1
0
64
2
0
0
1
wc0x93aa9f18
9023
0x18b79aea
0x9e883d00
1
0
16
32
0
0
1
wa0x9e8851c8
10893
0x68058edb
0xbbdd543a
1
0
32
64
0
0
1
wa0xbbdd554c
7933
0x67974993
0xa10f6c6a
1
0
4
32
0
0
1
wc0xa10f7e77
5055
0x3cf9e8b0
0xd53169d0
1
0
128
16
0
0
1
wa0xd5317372
4767
0x69df2655
0xaf93db57
1
0
32
1
0
0
1
wc0xaf93e7dc
3645
0x49d5a98
0xd6de91fc
1
0
4
1
0
0
1
ra0x49d5ca1
1213
0x561af64c
0xce269532
1
0
2
8
0
0
1
wc0xce269694
1470
0x5c69a56
0xc492e6c0
1
0
64
128
0
0
1
wc0xc492e7d4
7244
0x2891a00a
0xd366824d
1
0
8
32
0
0
1
wa0xd3669537
1773
0x62bcf81d
0x801cefff
1
0
16
32
0
0
1
ra0x62bcfcaa
164
0xcff90b2
0xcf5fdb96
1
0
64
2
0
0
1
wc0xcf5fdbdb
5191
0x4d018acc
0x8c4858e3
1
0
16
128
0
0
1
ra0x4d019292
15022
0x812b3ef
0xdb348152
1
0
32
8
0
0
1
rc0x812ebc5
8575
0x6af7f4be
0xc7cef882
1
0
128
4
0
0
1
wa0xc7cf1979
5150
0x69116823
0xb962a127
1
0
1
256
0
0
1
wc0xb962a138
10946
0x5824660b
0x851db4c4
1
0
4
2
0
0
1
wa0x851db79b
4645
0x10af96ff
0xca41fa47
1
0
8
32
0
0
1
ra0x10af9f31
9990
0x21a6db0d
0xacdddd29
1
0
2
4
0
0
1
rc0x21a6f3fe
9336
0x28b94a6c
0xd5ef072d
1
0
64
8
0
0
1
rc0x28b9624f
13771
0x6d9577c0
0xaa452dfc
1
0
256
256
0
0
1
wa0xaa456012
1751
0x5ce830a7
0xec727178
1
0
256
64
0
0
1
rc0x5ce83299
5749
0x4cf3f44d
0x86b283da
1
0
256
64
0
0
1
wa0x86b297e6
4976
0x47fe4ae4
0xcab3ee14
1
0
8
64
0
0
1
wa0xcab3f880
4725
0x682d40c9
0x91251b40
1
0
256
128
0
0
1
ra0x682d4123
9898
0x5ff724d9
0x81fdb228
1
0
2
16
0
0
1
wa0x81fdc8af
3276
0x10599592
0xc47c4a2d
1
0
8
4
0
0
1
ra0x10599755
8269
0x43c7f484
0xa83fd4a3
1
0
2
32
0
0
1
ra0x43c7f4fe
10871
0x3ba1f58b
0xaffb01be
1
0
128
16
0
0
1
wa0xaffb24ab
5988
0xbe1d0b2
0xe24cf7ce
1
0
16
4
0
0
1
wa0xe24cfd37
1622
0x337311bc
0x8de14446
1
0
1
256
0
0
1
wa0x8de14a79
3941
0x66dfec1e
0xdb990dcc
1
0
2
2
0
0
1
ra0x66dff7c2
4803
0xa88d588
0x8a8a8487
1
0
128
128
0
0
1
ra0xa88dc94
963
0x4c7a78b9
0xc8bc6223
1
0
128
32
0
0
1
wc0xc8bc6244
135
0x4c793a3a
0x99ec603a
1
0
128
32
0
0
1
wc0x99ec60b5
2501
0x3098b8f5
0x8abb7110
1
0
2
4
0
0
1
ra0x3098b914
6522
0x2bbaa1bf
0xc4645582
1
0
1
4
0
0
1
wc0xc4646b9e
193
0x6891c876
0x9f775633
1
0
32
2
0
0
1
rc0x6891c8e6
4964
0x45953339
0xe3bb82e5
1
0
4
1
0
0
1
rc0x459543e7
4321
0x689c5393
0x84e9d211
1
0
16
128
0
0
1
ra0x689c6417
2336
0x510d5d23
0x8acb85f4
1
0
64
256
0
0
1
rc0x510d638b
5892
0x50bb6a05
0x958010ad
1
0
128
16
0
0
1
ra0x50bb73cc
14365
0x20aa48a8
0xdc6021fc
1
0
32
128
0
0
1
wc0xdc604c09
6715
0xb2252ff
0xd231702d
1
0
2
1
0
0
1
rc0xb225798
14717
0x5b0e9853
0x907b8e52
1
0
1
64
0
0
1
rc0x5b0ebf43
8075
0x5cd7aba5
0x9bcc41e7
1
0
16
64
0
0
1
wc0x9bcc5c1c
9661
0x896569e
0xe664cf3d
1
0
256
64
0
0
1
ra0x896637c
5055
0x4c4a1881
0xbbc64c10
1
0
2
1
0
0
1
wc0xbbc64ed3
14121
0x3edc5a5
0xc67559db
1
0
128
16
0
0
1
wc0xc6758947
15238
0x5d89dc3
0xdcef229f
1
0
64
8
0
0
1
ra0x5d89eed
5359
0x27ab74cf
0xd3af68bb
1
0
64
2
0
0
1
rc0x27ab8473
6470
0x3e53febd
0xe8fc96f9
1
0
32
32
0
0
1
rc0x3e5401bb
25
0x5eb50a27
0xe9c9020f
1
0
64
128
0
0
1
rc0x5eb50a35
8327
0x51333e33
0x8be147ab
1
0
64
128
0
0
1
wc0x8be15245
1795
0x36c407d3
0xc417fa64
1
0
8
32
0
0
1
rc0x36c409b7
13442
0x34538c9d
0xeab04bc0
1
0
16
8
0
0
1
wc0xeab06aef
8721
0x1157f880
0xb5277fb0
1
0
128
64
0
0
1
wa0xb52799ea
6103
0x24e14f90
0x8b72fdbd
1
0
64
8
0
0
1
rc0x24e1651c
15368
0x3483baeb
0xc95e1d8a
1
0
8
4
0
0
1
rc0x3483d1c4
15578
0x8a1138b
0x838731df
1
0
256
4
0
0
1
ra0x8a1308e
683
0x6eae044b
0xd5fa14dc
1
0
8
2
0
0
1
rc0x6eae04b1
8992
0x15868476
0xdcdf932d
1
0
32
256
0
0
1
rc0x1586a151
14472
0x4deb51f9
0x8e24e5fe
1
0
2
128
0
0
1
wc0x8e251df7
3171
0x72abae4
0xb50db08e
1
0
8
256
0
0
1
wc0xb50db4ce
2238
0x589fc97d
0xe35c9c36
1
0
256
64
0
0
1
wc0xe35ca24e
9967
0x3d371bd
0x84707609
1
0
8
2
0
0
1
wa0x84709466
12316
0x5e8aac1e
0xd8f92950
1
0
2
8
0
0
1
rc0x5e8ad7df
15766
0x1de19838
0xe7f3c2a5
1
0
64
1
0
0
1
wa0xe7f3e7db
1231
0x2074689a
0x8e7641f2
1
0
2
128
0
0
1
ra0x20746b5d
8604
0x279ecfe7
0xd4221299
1
0
64
32
0
0
1
wc0xd4222d37
5325
0x3a898fad
0xc5a122c1
1
0
256
64
0
0
1
rc0x3a899a97
14515
0xc07c4f6
0xbe6f7110
1
0
256
128
0
0
1
wc0xbe6f9e9e
15016
0x564639
0xd76a1a37
1
0
1
256
0
0
1
rc0x5668ac
12183
0x62d30dd5
0xd0c9f9e9
1
0
256
2
0
0
1
wc0xd0ca161a
14350
0x2e13cfd9
0xeab43384
1
0
256
32
0
0
1
ra0x2e13f113
15498
0x7f14bf4
0xb1b4b543
1
0
4
128
0
0
1
wc0xb1b4c942
14544
0x725f923
0xa980b589
1
0
64
16
0
0
1
rc0x7262e5d
11139
0x49cfe88e
0xd47c4d77
1
0
64
128
0
0
1
rc0x49cff755
6610
0x4fdba605
0xec5dcff0
1
0
256
4
0
0
1
wc0xec5de67b
9153
0x6011779e
0x933ed0c2
1
0
16
4
0
0
1
wa0x933eeb15
6269
0x62300c
0xb6057cbf
1
0
16
4
0
0
1
wc0xb60583ef
15780
0x207fbfd8
0xd2986c8c
1
0
16
128
0
0
1
ra0x207fe727
14884
0x3403319d
0xb6fe4b61
1
0
64
4
0
0
1
rc0x34034ea1
6305
0x6287aac1
0xec28ca3e
1
0
256
2
0
0
1
ra0x6287b279
3683
0xf16ca8
0x8c6a46c9
1
0
256
2
0
0
1
wa0x8c6a51bf
15390
0x28668a27
0xef1eb376
1
0
32
16
0
0
1
rc0x28669cf9
8270
0x2a8617f
0xbdcb4be1
1
0
128
16
0
0
1
ra0x2a86865
11197
0xa2f1e15
0x8d558441
1
0
8
1
0
0
1
wc0x8d55aa60
11967
0xc198952
0xeb2daaa2
1
0
64
128
0
0
1
wa0xeb2dd863
15743
0x4b99d542
0xe7b3feb5
1
0
2
256
0
0
1
wa0xe7b42fef
10939
0x2641a0fb
0xaa91f9a6
1
0
16
32
0
0
1
rc0x2641c111
12688
0x5f3d970d
0xa100e781
1
0
32
16
0
0
1
wa0xa1010993
11261
0x1791bcc8
0xe61f2c4f
1
0
32
8
0
0
1
rc0x1791e271
9381
0x5deb7cdc
0x9cc4f528
1
0
64
1
0
0
1
wc0x9cc512cf
2244
0x2290cd1a
0xbdb16301
1
0
16
8
0
0
1
ra0x2290d426
390
0x11e4fc1a
0xcbf67a1e
1
0
8
1
0
0
1
rc0x11e4fd91
14395
0x501cf9f0
0x9a0ed4b5
1
0
256
256
0
0
1
rc0x501d1f3d
14198
0x58fd44df
0xb0cd3222
1
0
4
16
0
0
1
wc0xb0cd3e99
6006
0x4d7e958a
0x896252e4
1
0
16
4
0
0
1
wa0x89626733
14862
0xb09651e
0xa733d219
1
0
64
64
0
0
1
rc0xb0965ef
2035
0x504d3ac4
0xeea53151
1
0
256
1
0
0
1
wc0xeea533aa
8031
0x392f6a46
0xc2f3c9fb
1
0
16
64
0
0
1
rc0x392f8382
7444
0x6a6921e6
0x8fd2cf15
1
0
8
16
0
0
1
rc0x6a692caf
3173
0x26e1ae81
0xad008d74
1
0
128
8
0
0
1
rc0x26e1b411
5481
0x1e70fa45
0xba6744d0
1
0
8
2
0
0
1
rc0x1e7102db
7831
0x422725a0
0xd4c6d8cf
1
0
32
1
0
0
1
rc0x4227346d
3635
0x2ec35a2
0xb5ee8916
1
0
16
256
0
0
1
ra0x2ec3710
7530
0x7100574
0x99777a32
1
0
1
128
0
0
1
rc0x71020ed
1671
0x3b1112de
0xb6493596
1
0
4
4
0
0
1
rc0x3b1114b1
3040
0x5edf6b5
0xace24221
1
0
256
4
0
0
1
rc0x5edf9b3
4978
0x33975a90
0xd99f3270
1
0
32
256
0
0
1
ra0x33976353
8710
0x44b872ca
0xc1ac9e5d
1
0
16
32
0
0
1
rc0x44b89480
9533
0x4d4e3c91
0x9b8eba92
1
0
2
256
0
0
1
wa0x9b8ecd5f
14474
0x39d88d25
0xc7e89d5c
1
0
64
2
0
0
1
wc0xc7e8d26c
14983
0x79b15c7
0xd6c021e3
1
0
8
16
0
0
1
rc0x79b2d18
14254
0x343fb3f4
0x949241e7
1
0
4
4
0
0
1
rc0x343fdac0
7371
0x2f7be62e
0xebfe5362
1
0
1
128
0
0
1
ra0x2f7be9ef
13664
0x5f0c3304
0xa92d52e2
1
0
256
256
0
0
1
wc0xa92d67c4
13460
0x995424
0xb8d7c93f
1
0
256
4
0
0
1
ra0x997689
15253
0x1bd860da
0xddb81e1a
1
0
8
32
0
0
1
wa0xddb8246a
5385
0x5abe992d
0xbafa7ec6
1
0
8
64
0
0
1
wa0xbafa90fa
11919
0x38f0834c
0xebab1d4f
1
0
4
64
0
0
1
rc0x38f09d14
10075
0x139ed73b
0xd45bfa48
1
0
128
16
0
0
1
wc0xd45c0fce
2355
0x644d14c0
0x9af22a80
1
0
32
1
0
0
1
rc0x644d1aca
8301
0x53ab8dbc
0x8ce538c7
1
0
16
32
0
0
1
wc0x8ce546d2
14919
0x38f62533
0xb0678870
1
0
128
128
0
0
1
wa0xb067bcef
7446
0x34ecfdfa
0xe4bd4b7c
1
0
8
16
0
0
1
rc0x34ed1845
4410
0xd8b2555
0x916f8fd5
1
0
32
8
0
0
1
wa0x916f9768
5312
0x5c41eb44
0x9d91adef
1
0
16
128
0
0
1
wa0x9d91af97
7646
0x5c81a38
0x99b724bb
1
0
16
8
0
0
1
wc0x99b73848
7670
0x42ae50a
0x825eb140
1
0
1
8
0
0
1
wc0x825ecb76
7113
0x309f9d06
0xaaf961a6
1
0
32
8
0
0
1
wc0xaaf97744
8995
0x66eb51c4
0xad2a750e
1
0
128
1
0
0
1
wc0xad2a8682
4920
0x14e30a96
0x971032e6
1
0
64
4
0
0
1
wc0x97103e03
10742
0x2368336
0xe1e63236
1
0
16
2
0
0
1
wc0xe1e63e99
14196
0x233098b0
0xa929e51a
1
0
256
4
0
0
1
wc0xa92a076b
8009
0x10fbb099
0xc7a47123
1
0
64
4
0
0
1
rc0x10fbc3de
1172
0x493700e8
0xe3f24814
1
0
8
16
0
0
1
rc0x493703ed
4963
0x5b775e1a
0xba56c8b6
1
0
1
64
0
0
1
wc0xba56db73
16059
0x365b27e5
0x94d84fb6
1
0
4
128
0
0
1
wc0x94d88044
6695
0x33301235
0x9e675f88
1
0
64
2
0
0
1
rc0x33302149
3582
0x25a20994
0xa9c3f7fd
1
0
64
32
0
0
1
wa0xa9c3f9c6
5319
0x6bf05945
0xe37fe532
1
0
128
2
0
0
1
ra0x6bf06377
2114
0x5497b819
0xa26384bb
1
0
16
64
0
0
1
ra0x5497bb78
10900
0x49cc3e18
0xc86e5c88
1
0
32
1
0
0
1
wa0xc86e6d5d
16288
0x588f378
0xdcd517a6
1
0
32
2
0
0
1
wc0xdcd53414
4059
0x1421ba84
0x81ea7185
1
0
64
256
0
0
1
wc0x81ea7f9e
15307
0x37406462
0xa66ed8c7
1
0
4
128
0
0
1
rc0x37407936
13200
0x586e8dc3
0x878e69f0
1
0
1
4
0
0
1
rc0x586eafe3
12424
0x46e74885
0x97bc0d56
1
0
256
1
0
0
1
ra0x46e74d66
6042
0xc4f1070
0xedf19c66
1
0
1
4
0
0
1
wc0xedf1a9ab
9308
0x3d15fc28
0xac95c6e6
1
0
2
1
0
0
1
rc0x3d160623
11073
0x65b94ac6
0xafd58bf4
1
0
256
256
0
0
1
wc0xafd5a99f
8528
0x49518950
0xbb8ba557
1
0
4
64
0
0
1
wa0xbb8ba6f6
13003
0x133d3b60
0xbaba98cd
1
0
2
256
0
0
1
wa0xbababe90
381
0x3b89c9ff
0x97cdfed6
1
0
16
128
0
0
1
rc0x3b89cb1f
12046
0x2df9a3fc
0xb475f4ea
1
0
4
128
0
0
1
wc0xb47607fb
4143
0x18246692
0xc14a1041
1
0
64
16
0
0
1
ra0x18246918
3026
0x314c3782
0xb2ee018b
1
0
4
2
0
0
1
rc0x314c4021
4596
0x3c9e862a
0xbf910f70
1
0
256
4
0
0
1
rc0x3c9e8c4b
6052
0x407fe9c5
0xd186840b
1
0
16
32
0
0
1
rc0x407fef25
832
0x50c98acc
0xcb50acd0
1
0
1
256
0
0
1
wa0xcb50acd0
8545
0x57541d1f
0xc2e9b5d0
1
0
1
2
0
0
1
wc0xc2e9be49
945
0x3dbc0065
0xaf192cad
1
0
4
128
0
0
1
ra0x3dbc016e
6280
0x37b0bd92
0x9e10bfad
1
0
8
256
0
0
1
rc0x37b0c22e
5306
0x4f06933d
0xd220dbf1
1
0
16
64
0
0
1
ra0x4f069a76
7984
0x3cbc9e28
0xe075f191
1
0
1
4
0
0
1
wa0xe075f980
7778
0x5cc01990
0xe0c1bf16
1
0
128
32
0
0
1
ra0x5cc034b9
15474
0x1dc0e7c8
0xd23dcd05
1
0
16
64
0
0
1
ra0x1dc0ea3e
4255
0x56f14fbb
0xd05097ad
1
0
8
128
0
0
1
wc0xd050a756
10574
0x21ccc5aa
0xc82395d5
1
0
128
32
0
0
1
ra0x21ccda53
510
0x5b735d01
0x84fde371
1
0
128
32
0
0
1
rc0x5b735d48
15111
0x2caceb05
0xbe6b3b8e
1
0
128
2
0
0
1
rc0x2cad02ec
7566
0x12d09ef4
0xaa50c9e2
1
0
256
32
0
0
1
ra0x12d0a025
11380
0x3b410616
0x804c345f
1
0
256
64
0
0
1
ra0x3b41104a
5587
0x607139f4
0xaf058377
1
0
64
2
0
0
1
wa0xaf058a51
12008
0x9685af0
0x961720ef
1
0
16
1
0
0
1
wa0x9617413f
11116
0x22fb4cd4
0x8c661901
1
0
128
1
0
0
1
wa0x8c662be6
11626
0x675692ac
0xe3f3dc2f
1
0
1
64
0
0
1
rc0x6756a371
15226
0x6f857864
0x960ea689
1
0
2
4
0
0
1
ra0x6f8597b7
9575
0x4446609c
0xe722151f
1
0
8
128
0
0
1
ra0x4446760c
11184
0x2cd041b9
0xccba24ad
1
0
128
64
0
0
1
ra0x2cd067d2
10523
0x558f770c
0xa3cb8ae1
1
0
32
8
0
0
1
rc0x558f8c37
4442
0x2aa5f06e
0xb93921d3
1
0
256
64
0
0
1
wa0xb9392799
14374
0x1f82ba1
0xce45bb48
1
0
64
256
0
0
1
wc0xce45efd8
1994
0x6c9f4293
0xe4a5341e
1
0
16
4
0
0
1
wc0xe4a535d7
3141
0x5ec636f0
0x9f89e9e1
1
0
16
16
0
0
1
ra0x5ec63b0f
