2
0
32
0x0
0x10000
256
256
0
0
3
rc0x4
rc0x8
rc0xc
1
1
32
0x1000
0x11000
256
256
0
0
1
rc0x1004
0
0
32
0x2000
0x12000
256
256
0
0
1
rc0x2004
0
1
32
0x3000
0x13000
256
256
0
0
1
rc0x3004
1
0
32
0x4000
0x14000
256
256
0
0
1
rc0x4004
1
0
32
0x5000
0x15000
256
256
0
0
1
rc0x5004
2
2
32
0x6000
0x16000
256
256
0
0
1
rc0x601c

0
2
4
0x0
0x10000
256
256
0
0
1
wa0x10000

0
1
32
0x1000
0x11000
2
2
0
0
0

2
0
8092
0x5000
0x15000
256
256
0
0
1
wa0x15000

1
2
32
0x0
0x10000
256
256
0
0
3
rc0x4
rc0x8
rc0xc
1
0
32
0x1000
0x11000
256
256
0
0
1
rc0x1004
0
0
32
0x2000
0x12000
256
256
0
0
1
rc0x2004
2
1
32
0x3000
0x13000
256
256
0
0
1
rc0x3004
0
1
32
0x4000
0x14000
256
256
0
0
1
rc0x4004
1
1
32
0x5000
0x15000
256
256
0
0
1
rc0x5004
1
2
32
0x6000
0x16000
256
256
0
0
1
rc0x601c

2
0
32
0x0
0x10000
256
256
0
0
1
wc0x10000
0
1
32
0x1000
0x11000
2
2
0
0
1
wc0x11004
