0
0
20
0xab627764
0xd6e77ce5
4
1
0
0
0
5
0
310
0x52a6ef2c
0xd6e77d19
1
1
1
0
0
4
3
594
0xc1714202
0xd6e77dce
1
16
1
0
0
3
1
220
0x712046f0
0xd6e77dc1
8
4
1
1
0
0
2
25
0x4c7e826c
0xd6e77e2f
2
8
1
1
0
5
4
1012
0x3658e84
0xd6e77c56
128
64
0
0
0
2
4
925
0x7a2748f5
0xd6e780b4
64
8
1
1
0
2
4
512
0x52f4bf8b
0xd6e78623
8
1
1
1
0
3
4
75
0xac6ac8f5
0xd6e7867f
8
2
0
0
0
3
0
243
0xa370c383
0xd6e7863d
4
64
1
1
0
4
2
515
0x9b9189f1
0xd6e7881a
128
64
0
0
0
5
1
237
0xa8aab7f7
0xd6e78950
32
1
0
0
0
3
0
968
0xf8171827
0xd6e78800
64
2
0
0
0
1
2
4
0x7e1f386d
0xd6e78ba9
32
16
0
0
0
3
4
494
0x5f398235
0xd6e78c61
8
128
0
0
0
3
2
902
0xc2bdf5b1
0xd6e790d7
8
1
0
0
0
1
4
534
0x3cff5a28
0xd6e78ec4
1
128
1
1
0
3
0
203
0x2f53dffd
0xd6e78f2f
4
16
1
1
0
0
2
930
0x4e2d8ad1
0xd6e78d62
64
8
0
0
0
4
1
324
0x33dde290
0xd6e78cdd
128
2
0
0
0
0
3
756
0x454c74ca
0xd6e78a8a
2
1
1
1
0
1
1
306
0x2534fd0c
0xd6e78c91
64
2
0
0
0
3
3
662
0x4a456932
0xd6e79016
8
8
0
0
0
5
4
884
0xdfff2bc3
0xd6e79488
128
128
1
0
0
0
2
184
0x6a941413
0xd6e79622
32
64
1
0
0
0
5
486
0x2f078106
0xd6e7948d
128
32
0
0
0
2
2
814
0xf74f53d3
0xd6e79541
2
1
1
0
0
4
4
669
0x50774103
0xd6e79743
32
64
0
0
0
5
5
902
0x95fba959
0xd6e794ab
4
32
1
1
0
0
5
743
0x90694767
0xd6e795b6
16
128
1
0
0
5
1
488
0x74e13c18
0xd6e798a8
64
8
1
0
0
5
5
929
0x5231fbbe
0xd6e79b6e
16
128
0
0
0
3
5
520
0xab0e7e96
0xd6e79a1e
4
64
1
0
0
2
5
270
0x72462b77
0xd6e79b1a
4
4
0
0
0
3
2
478
0x9579ebb6
0xd6e79ad7
16
8
0
0
0
5
5
649
0x994d13
0xd6e79c0e
4
8
0
0
0
2
4
482
0xf0257c3
0xd6e79b44
8
16
1
1
0
1
4
178
0x7aa43bd
0xd6e79c91
16
1
0
0
0
3
5
205
0xb0f62cc9
0xd6e79d66
64
32
0
0
0
2
1
82
0x935f34b4
0xd6e79e2e
16
32
1
1
0
3
4
262
0x60ee88f4
0xd6e79f62
128
128
0
0
0
1
3
490
0x2f0965e
0xd6e7a0c5
2
8
0
0
0
3
1
93
0xc0590ab1
0xd6e7a2c4
1
32
1
1
0
1
5
241
0x6f1a022f
0xd6e7a2fc
8
64
1
1
0
3
1
537
0x517e425a
0xd6e7a371
32
128
0
0
0
2
4
769
0xfceaf94a
0xd6e7a3f0
128
32
0
0
0
5
0
182
0x935b08f1
0xd6e7a78e
32
32
1
1
0
0
1
892
0xa15916f7
0xd6e7a788
2
1
0
0
0
0
2
1014
0xda0cc69c
0xd6e7a470
64
2
0
0
0
3
3
105
0x1d25c7a4
0xd6e7a426
64
128
1
0
0
3
3
108
0x60251471
0xd6e7a3e8
16
128
0
0
0
3
2
638
0x4c276034
0xd6e7a3ad
16
64
1
1
0
0
0
522
0xf7107954
0xd6e7a54e
4
32
1
1
0
2
1
218
0xbc3b5d59
0xd6e7a76d
64
1
0
0
0
1
1
208
0x682ec1d9
0xd6e7a7a3
128
1
0
0
0
1
3
563
0xa7121d53
0xd6e7a70e
128
8
1
1
0
4
4
61
0xfb6dd258
0xd6e7a8d8
128
4
0
0
0
2
4
387
0x2d36f5de
0xd6e7a96d
16
32
1
1
0
4
4
927
0x8389563c
0xd6e7ac1f
16
32
1
0
0
0
4
594
0x4a781f33
0xd6e7ac9d
2
4
0
0
0
0
3
29
0x1536cb24
0xd6e7ae98
2
4
0
0
0
4
1
502
0x283d23bc
0xd6e7ae32
4
32
0
0
0
2
2
1013
0xb65f105b
0xd6e7b37e
16
4
0
0
0
2
0
454
0x2ad833aa
0xd6e7b453
128
128
1
1
0
3
2
428
0xe89e1092
0xd6e7b61e
16
4
0
0
0
4
2
980
0x139f7ff2
0xd6e7b6a1
32
4
0
0
0
5
3
709
0x95013a2c
0xd6e7b408
1
128
1
1
0
1
4
504
0xadc2ecb7
0xd6e7b700
64
128
1
0
0
3
5
983
0x1f6209ed
0xd6e7b8b2
16
2
1
0
0
0
3
167
0xee273541
0xd6e7bbec
128
128
0
0
0
3
3
42
0x7775e17b
0xd6e7bc15
16
16
1
0
0
3
2
772
0xdc53323
0xd6e7b938
128
1
0
0
0
3
0
233
0x8577e228
0xd6e7b94a
8
64
1
1
0
3
0
762
0xbc866c5b
0xd6e7b720
16
32
0
0
0
4
1
556
0xad8a6447
0xd6e7b8ed
8
8
1
0
0
0
1
705
0x4ed1d0d4
0xd6e7bb62
8
8
0
0
0
2
3
611
0x29ed524b
0xd6e7bd25
4
1
1
0
0
5
5
446
0xbbbd8a10
0xd6e7c131
8
64
1
1
0
1
5
261
0xba58b983
0xd6e7c3a9
64
1
1
0
0
3
0
220
0xe630564d
0xd6e7c4a4
1
16
1
0
0
5
3
507
0x253141dd
0xd6e7c3c4
128
8
1
0
0
4
1
583
0x4627f662
0xd6e7c676
32
32
0
0
0
2
1
1004
0x9826c2a9
0xd6e7c8ba
2
16
1
1
0
0
0
284
0x22fa3d00
0xd6e7cc4a
4
32
1
0
0
4
3
133
0x334e53c8
0xd6e7cc88
16
4
1
1
0
1
0
719
0x4556387a
0xd6e7cc87
64
1
1
0
0
0
3
211
0xdbe7c8fa
0xd6e7cc40
8
8
0
0
0
1
0
179
0xdf534d08
0xd6e7ccdc
8
8
0
0
0
2
3
163
0xf939fca6
0xd6e7cc53
1
16
0
0
0
4
3
678
0xc190a258
0xd6e7ca2d
1
8
1
0
0
5
4
189
0xdee0489e
0xd6e7cc57
64
4
0
0
0
3
3
358
0x82ea8ae9
0xd6e7cbd3
16
1
1
0
0
3
3
412
0xcd80ec58
0xd6e7cc07
1
4
1
1
0
1
0
839
0xfd6c3082
0xd6e7d065
2
4
0
0
0
1
3
117
0x11f02d0
0xd6e7d2a6
128
1
0
0
0
2
1
41
0xe5434e60
0xd6e7d32e
4
1
1
0
0
2
1
954
0x54880a11
0xd6e7d13e
4
1
1
1
0
3
4
780
0x52440847
0xd6e7d4b6
16
1
1
0
0
5
4
372
0xf1adf83e
0xd6e7d5f2
8
16
0
0
0
2
5
505
0x2a706331
0xd6e7d8ee
64
64
1
1
0
4
3
761
0x95604d48
0xd6e7d8f4
128
8
1
1
0
2
4
688
0xb7749118
0xd6e7d7f9
32
32
1
1
0
4
5
522
0x3b4a94c5
0xd6e7da92
64
16
1
1
0
1
3
577
0x16b03077
0xd6e7da79
64
64
0
0
0
0
0
469
0xad83edd7
0xd6e7dbfa
8
8
1
1
0
4
5
827
0xaad9df5d
0xd6e7dfaf
8
32
0
0
0
4
2
613
0xf08dbe0
0xd6e7e4c1
64
4
1
1
0
1
2
631
0x7f47b73b
0xd6e7e778
128
8
0
0
0
1
5
192
0xa48be595
0xd6e7e811
1
128
0
0
0
1
5
589
0xe5937caa
0xd6e7e869
4
128
1
1
0
0
4
333
0xfce0c503
0xd6e7e7d6
4
4
0
0
0
2
1
899
0x94789006
0xd6e7e979
4
16
1
0
0
2
4
23
0x2b1d8757
0xd6e7eaee
1
2
0
0
0
4
2
777
0x81c3f782
0xd6e7eb0b
4
8
1
0
0
1
2
152
0xc84976f8
0xd6e7ebe4
4
8
0
0
0
4
1
465
0x8664eb6d
0xd6e7ecc1
8
1
1
0
0
2
3
243
0x4bd65c03
0xd6e7ed48
8
4
0
0
0
2
1
675
0x13f62abb
0xd6e7eec0
16
8
1
0
0
4
1
561
0x803cd90f
0xd6e7eceb
64
4
1
1
0
3
4
904
0x992a1d6d
0xd6e7ee78
128
16
0
0
0
5
2
474
0x16595fcd
0xd6e7ede8
4
16
1
1
0
2
2
620
0xe5d60d1e
0xd6e7ed8a
1
128
0
0
0
1
3
975
0x15b549d5
0xd6e7f34b
1
1
1
0
0
1
1
1003
0x9a08d3c8
0xd6e7f74d
4
16
1
1
0
3
1
102
0x58924777
0xd6e7f9c0
1
2
1
0
0
1
0
392
0xd92842db
0xd6e7fb0d
1
128
0
0
0
5
5
836
0x179d7efb
0xd6e7fb44
64
32
0
0
0
4
1
385
0x612746ad
0xd6e7f9e6
2
1
1
1
0