9380
0x75ae
0xc3512bd6
256
256
1
1
0
3544
0x7ba
0x6e42a7de
256
256
0
0
0
7100
0x42f7
0xd4499f8e
256
256
1
1
0
3655
0xa155
0x58aca0b2
256
256
0
0
0
1493
0x3c1b
0x571c601a
256
256
1
1
0
8839
0xd8e9
0x4f6764ab
256
256
1
0
0
6756
0x5457
0xcc03eff6
256
256
1
0
0
7023
0x7c8b
0x7a9b6699
256
256
1
0
0
3932
0x9240
0x9afd7158
256
256
0
0
0
6355
0xb449
0x8648adce
256
256
1
0
0
5458
0x6a4a
0xad719624
256
256
0
0
0
1645
0x7c64
0x97fa3760
256
256
1
1
0
8382
0x533d
0xa9599e68
256
256
0
0
0
5837
0xdb68
0xefa28bdc
256
256
1
1
0
3817
0x40e5
0xb816b83e
256
256
0
0
0
5340
0xa7d3
0xd04d80a6
256
256
1
0
0
8434
0xfcd2
0xd438cfae
256
256
0
0
0
4841
0xde77
0xcb0b9154
256
256
0
0
0
9810
0x4b69
0x58750b93
256
256
1
1
0
2845
0x9e06
0x78223b5e
256
256
0
0
0
3199
0x634d
0x89f6da26
256
256
1
0
0
6007
0xa357
0xcff4596e
256
256
1
0
0
5480
0x8b3
0x62d24d18
256
256
1
1
0
1284
0xa89d
0x23b2d521
256
256
0
0
0
9957
0x457a
0xba2700db
256
256
0
0
0
3858
0xf6b9
0x41021884
256
256
1
0
0
1570
0xc8a6
0x117fc321
256
256
0
0
0
1959
0x5b0b
0x9868b118
256
256
0
0
0
6899
0xeb9b
0x2e075535
256
256
1
0
0
9138
0xa428
0x14e8ff18
256
256
0
0
0
8227
0x50bb
0x1c8e4fd
256
256
1
1
0
7804
0x61f7
0x89baa920
256
256
1
1
0
6781
0x4b2d
0x8de30550
256
256
1
1
0
5697
0x252a
0xd4810374
256
256
0
0
0
5083
0xccb1
0x1f039548
256
256
0
0
0
4949
0x7896
0x47202fc
256
256
1
0
0
1573
0x549b
0x4c2b5a29
256
256
0
0
0
6256
0x1b69
0xa7cd43c5
256
256
0
0
0
1166
0x14bc
0x7e06ef33
256
256
0
0
0
2407
0xb815
0x2b93aa72
256
256
0
0
0
3364
0xf9ce
0xd7e4f18b
256
256
0
0
0
6588
0xf8d9
0x5374e113
256
256
0
0
0
8674
0x78ca
0x91385e15
256
256
1
1
0
7946
0xd996
0x1bf59825
256
256
0
0
0
1906
0x73e6
0xbbec984e
256
256
0
0
0
6490
0x7466
0xc5f15192
256
256
0
0
0
3176
0x6b30
0xe349a0b
256
256
1
0
0
3735
0x47ff
0xcb73dad9
256
256
0
0
0
3640
0x35e6
0x7067f3b2
256
256
1
0
0
9292
0xfbd6
0x8e743a37
256
256
0
0
0
3638
0x5612
0x33d3504b
256
256
0
0
0
2046
0x4a71
0xbe982faf
256
256
0
0
0
5594
0xcaf9
0xb3f81fc8
256
256
1
1
0
9355
0x44cd
0x820dad6c
256
256
0
0
0
1185
0xfbc8
0x39343984
256
256
0
0
0
2417
0x9b06
0x7c2a1260
256
256
1
0
0
9476
0x5430
0xa927ae39
256
256
1
1
0
2646
0xce80
0x1026abd1
256
256
0
0
0
3722
0xb15
0xffd84145
256
256
0
0
0
8803
0xbad7
0x96864ef2
256
256
1
0
0
1623
0x2954
0xdaf7f799
256
256
0
0
0
3320
0x9fc9
0xac60b737
256
256
1
1
0
5107
0xedba
0x7a556cf4
256
256
1
0
0
9684
0xbc64
0x38d3c976
256
256
0
0
0
5720
0x7df7
0x7c71b24d
256
256
1
1
0
3295
0xdf64
0xf917a649
256
256
0
0
0
8849
0xec3e
0x7bf85f03
256
256
0
0
0
8491
0xfb0f
0xcc381424
256
256
1
0
0
1653
0x6b05
0x4de01389
256
256
0
0
0
3361
0x843a
0xfd303d9a
256
256
1
1
0
9907
0xfc14
0x2a180eae
256
256
1
0
0
7236
0xe842
0x1dc810f7
256
256
1
0
0
9975
0x5f7e
0xb42e9e63
256
256
1
1
0
4571
0xebfa
0x85e369cb
256
256
0
0
0
3075
0x58f2
0xc059cde5
256
256
0
0
0
8540
0xef6d
0x206e1f9
256
256
1
0
0
4537
0x85a2
0x174a1a17
256
256
0
0
0
3591
0xa327
0xb5be885c
256
256
0
0
0
7085
0xe170
0xff68f1fb
256
256
0
0
0
2215
0xc666
0x30ba9357
256
256
1
1
0
7090
0x221c
0x67102cc0
256
256
0
0
0
1225
0x93c5
0x25495097
256
256
0
0
0
9492
0x6de4
0xb6c6b604
256
256
0
0
0
8839
0x41fc
0x2345e71b
256
256
1
0
0
4644
0x225b
0xe25f55b8
256
256
1
1
0
8199
0x7b1a
0x847b7068
256
256
0
0
0
5761
0x1c
0x17043241
256
256
1
1
0
7431
0xd0ee
0xf492044a
256
256
1
1
0
6123
0xb778
0xa26ea456
256
256
0
0
0
1268
0x3c7f
0x350b7476
256
256
0
0
0
5346
0x3106
0x5cc17026
256
256
0
0
0
7290
0x7a10
0x4a17184f
256
256
0
0
0
9503
0xf258
0x853cb94d
256
256
0
0
0
9634
0x5eee
0xbf346da1
256
256
1
1
0
9905
0x88fc
0x4cb8e18
256
256
0
0
0
8772
0x2f72
0x47c41417
256
256
1
1
0
5332
0x5788
0x89ff70fd
256
256
0
0
0
2366
0x12f1
0x8748699e
256
256
1
1
0
5223
0x5238
0xb31da4b9
256
256
0
0
0
3907
0x7032
0xc6b9a639
256
256
0
0
0
7257
0x77cc
0xc8ef0ec8
256
256
0
0
0
3276
0x1849
0x85ad174c
256
256
0
0
0
8312
0x4462
0x276a0a4f
256
256
0
0
0
4872
0x97ef
0x618474f6
256
256
0
0
0
2172
0x3ece
0xe79482f2
256
256
0
0
0
3926
0xd881
0x4ca543cd
256
256
1
1
0
1361
0x8e97
0xe23d50a2
256
256
0
0
0
7618
0xae71
0x9fdc0655
256
256
0
0
0
2818
0xbdb7
0x54f403a0
256
256
1
0
0
2911
0xb13c
0xc1c91c7f
256
256
1
1
0
7066
0x105c
0x65a57280
256
256
0
0
0
5767
0xe159
0xd84d6e84
256
256
0
0
0
7038
0x3d52
0x7491db5c
256
256
0
0
0
3388
0x216b
0xd8d76af2
256
256
0
0
0
9114
0xd67f
0x5c26b373
256
256
0
0
0
3918
0x150d
0xe584cb71
256
256
1
1
0
6222
0x165f
0xc88cfacf
256
256
1
1
0
8957
0xe771
0x37524185
256
256
1
1
0
5470
0xad07
0x62fe378
256
256
0
0
0
3828
0xc4e0
0xef640c85
256
256
0
0
0
6417
0xf5c7
0x1d068bba
256
256
1
1
0
4373
0x507f
0x49bb01a6
256
256
0
0
0
4090
0xdfc5
0x71abdc2d
256
256
1
1
0
3746
0x3b9
0xdacf3789
256
256
0
0
0
3200
0xb475
0xf6a4a291
256
256
1
1
0
8060
0xaf70
0x6b0ef60a
256
256
0
0
0
7977
0x87de
0x510f47e5
256
256
0
0
0
7342
0x9262
0x4258afea
256
256
1
1
0
4780
0x3366
0x8a2847fb
256
256
1
0
0
1764
0x2693
0x24b4ee52
256
256
1
1
0
8291
0xb504
0x95ffb430
256
256
0
0
0
9335
0x3ff7
0x6a9c70b4
256
256
0
0
0
1394
0xfca7
0x46cb13c6
256
256
0
0
0
1477
0x8bd7
0x8070969b
256
256
0
0
0
8558
0x5491
0x1b2fb4dc
256
256
1
0
0
5027
0xb5cd
0xceacf6a4
256
256
0
0
0
9970
0x9090
0x6a596b56
256
256
1
0
0
8381
0x617b
0x7c78a0c1
256
256
1
1
0
1903
0x5cdd
0xf30ff608
256
256
0
0
0
3756
0x24f1
0x402a9668
256
256
0
0
0
1844
0xa071
0x9b5e8809
256
256
0
0
0
7936
0x5606
0x667ad0b5
256
256
0
0
0
2456
0x587b
0x7362511b
256
256
1
0
0
5459
0x6176
0xaa9953f6
256
256
0
0
0
8514
0xe2b
0x5b23ffe7
256
256
1
1
0
3275
0x5084
0x83b0905b
256
256
1
0
0
4461
0xaa7f
0x335175d3
256
256
0
0
0
7727
0x6e7
0xd5db1c3c
256
256
1
0
0
5677
0x3e2f
0x88a76071
256
256
1
0
0
8499
0x43fd
0x9c2637a
256
256
0
0
0
3558
0xd7b2
0xcc6c3a63
256
256
1
1
0
9519
0xc2ac
0xa9ea66f6
256
256
0
0
0
5941
0x7c4d
0x5957f362
256
256
0
0
0
4747
0x4301
0x8247cffc
256
256
0
0
0
2931
0x15f4
0x87ee8925
256
256
1
0
0
2671
0x25b1
0x74c89c1c
256
256
1
0
0
9380
0xa550
0x1707388f
256
256
0
0
0
2637
0x62f2
0x4008a36a
256
256
0
0
0
2092
0x9805
0x365a2755
256
256
1
0
0
8283
0xd105
0x3411be67
256
256
0
0
0
6491
0xd907
0x7163118a
256
256
0
0
0
9862
0x670b
0x593730
256
256
1
1
0
1239
0x4edf
0x1c46e5b1
256
256
0
0
0
7305
0x60bd
0x8b6b55a9
256
256
0
0
0
2920
0x6701
0xdd0cd70f
256
256
0
0
0
6557
0xb543
0x98ab1c22
256
256
1
1
0
3520
0x91d9
0x148fdb4e
256
256
0
0
0
2768
0xed33
0x5f4d9d63
256
256
0
0
0
8282
0x6e81
0xa1c7e21a
256
256
1
1
0
6799
0xf4c
0x40b0ef57
256
256
0
0
0
6774
0x363d
0x44a16440
256
256
1
1
0
9166
0x858c
0x1ab22503
256
256
1
0
0
7894
0x3233
0xa1a33977
256
256
0
0
0
6221
0x33b9
0x2846615f
256
256
0
0
0
9458
0x51ee
0x5efc9395
256
256
0
0
0
2790
0xf9e5
0xfe079aa0
256
256
0
0
0
2593
0xe4f2
0x26fbe38c
256
256
1
0
0
9557
0x7b57
0x17ff3cf4
256
256
0
0
0
2075
0x3138
0xf4124ebf
256
256
0
0
0
6743
0xb0ed
0x98dd81fc
256
256
1
0
0
1114
0xb516
0x54019c3d
256
256
1
1
0
3111
0xf9a2
0x4d643d7a
256
256
0
0
0
6700
0x301f
0xa9af72c9
256
256
0
0
0
9901
0xdd42
0x1d5b95fd
256
256
0
0
0
1516
0x6ef9
0x91011713
256
256
0
0
0
7142
0x7dfd
0x4efe0aa1
256
256
0
0
0
8920
0x12bc
0xdbd68e4e
256
256
0
0
0
3333
0xa3c0
0x5f90c113
256
256
0
0
0
4814
0x9564
0x8e952786
256
256
1
1
0
1996
0x2dae
0x543d8fc8
256
256
0
0
0
3352
0xcb34
0x75d3a213
256
256
1
0
0
2114
0x69a7
0x230fc6f7
256
256
1
0
0
4401
0x8762
0xd11cd874
256
256
0
0
0
1623
0x1fab
0xbd909c8f
256
256
0
0
0
7979
0xd7cb
0x12c57a9f
256
256
1
0
0
2149
0xbd90
0xd0c35160
256
256
1
0
0
6389
0xf131
0x3102394d
256
256
1
0
0
5471
0x8985
0xb1cce65f
256
256
0
0
0
2473
0x988e
0xd16fb55
256
256
1
0
0
2606
0xa214
0xe359f662
256
256
0
0
0
