32963
0x481
0xafb10a1c
2
128
0
0
0
20816
0x9e0e
0x6d3649fa
8
2
0
0
0
12333
0x3de0
0x2787b787
8
128
0
0
0
12888
0x77e4
0xd741bf2e
64
32
1
0
0
13493
0x34ea
0xf38c95c4
1
256
0
0
0
7491
0xf4d6
0xdc4c6d54
2
2
0
0
0
8387
0x5654
0xfb4bf0c7
32
256
1
0
0
24749
0x2331
0x36e7374f
16
256
1
1
0
22140
0x97ab
0x1290c703
1
8
1
1
0
20109
0xf1bd
0xa7b21d69
1
2
1
0
0
34858
0x56a2
0x26fe6730
16
1
1
0
0
29027
0xc06e
0x99ddc154
64
256
0
0
0
26197
0xc08e
0x5cdbac21
32
2
0
0
0
18203
0xf2b8
0x34555b6c
1
32
1
0
0
22338
0x3f9f
0x50945ff5
8
32
1
1
0
2638
0xcf69
0xb65f5d6d
2
128
0
0
0
2848
0xd854
0xd4f77230
16
64
0
0
0
21402
0x52c2
0x7ac7005f
128
256
0
0
0
30441
0xe5be
0x2bf88dda
128
256
0
0
0
39498
0x3779
0x473b4de5
128
16
1
0
0
13899
0xc35a
0x7037fb1d
4
8
1
1
0
20916
0xdaf6
0x83f99f77
8
64
0
0
0
12635
0xa8f7
0xd43d8f8
4
4
1
1
0
10093
0xeea6
0x9de4cb09
64
128
0
0
0
25924
0xc1f7
0x859215f8
32
1
0
0
0
38213
0x600d
0x9d43f1a1
2
4
0
0
0
8072
0xdce6
0x91f7829b
128
2
1
0
0
10288
0x5c2e
0xdb3017ee
32
64
0
0
0
12559
0x1d44
0x8cb4051b
4
4
1
0
0
32950
0xd902
0x94649121
128
2
1
1
0
30795
0x986
0x181e2efa
4
1
0
0
0
21801
0x8003
0xb087a54f
1
2
1
0
0
21661
0x9cd4
0x5511fd70
2
128
1
0
0
29468
0xbaae
0xda0b8fed
256
256
1
0
0
4127
0xf6cd
0x856664dc
8
32
1
0
0
28848
0x4004
0x9e81fa62
1
4
0
0
0
17209
0x71e7
0x7420e9eb
2
16
1
1
0
19461
0x427d
0xcb3b2e92
16
8
0
0
0
9472
0x809c
0xde525591
32
16
1
0
0
22117
0xb9af
0x3d2d47ec
1
16
1
1
0
17544
0x72ee
0xfcc0879f
64
128
0
0
0
24984
0xc082
0x5ee830ee
64
4
0
0
0
38464
0xde4e
0x740772d2
16
4
1
0
0
38166
0xe482
0x47fcb45f
16
1
1
0
0
29289
0xfb7a
0x1bd656c0
32
2
1
0
0
1769
0xbddc
0x63ef9342
2
4
0
0
0
14501
0x307e
0xdbe8baee
64
2
1
0
0
21306
0xce78
0x66af8593
32
128
1
0
0
8368
0x4e9e
0x45d80c9a
128
1
1
0
0
22657
0xea1b
0xdd6f520d
256
4
0
0
0
36705
0x6687
0x9c638ef3
16
64
0
0
0
17723
0x9647
0x8bab27
2
2
1
0
0
33497
0xa77c
0x3257cddf
8
1
0
0
0
18662
0xdebe
0x8bff5318
256
2
1
1
0
34378
0x5c11
0xb040bd65
1
8
1
0
0
38645
0x25f8
0x6ede5871
64
16
0
0
0
2285
0x727b
0x82387400
1
128
1
1
0
18143
0x7adf
0x74608e81
4
128
0
0
0
27860
0x4752
0xada67ac
8
8
1
1
0
752
0x69ef
0x38405527
4
8
1
1
0
24789
0x25a4
0x5266841c
4
16
0
0
0
35143
0x503e
0xc5274d8e
2
64
1
0
0
6196
0x32d3
0x34474c94
8
1
1
0
0
779
0xce5e
0x276c7f2
32
2
0
0
0
38496
0x9cdd
0x33e9a052
16
32
0
0
0
24384
0x515
0x18904f82
8
16
0
0
0
36206
0x190b
0xb83a3e33
2
32
0
0
0
34949
0x37f6
0x92b811b4
128
256
1
1
0
34901
0x7a12
0x291b1ab6
256
128
0
0
0
16597
0xd43d
0x6258ae30
8
4
1
0
0
7551
0x74b3
0x51f225e3
2
32
1
1
0
19672
0x286d
0x4cbff62e
16
256
1
0
0
16567
0x80d7
0xfbf7dc2
4
256
1
0
0
31135
0x7d37
0x115c5c58
64
128
1
1
0
14132
0x7204
0x8a39fd4e
128
8
0
0
0
17506
0x10de
0xe85d934c
256
2
1
1
0
21670
0x11a7
0x9b830e06
16
8
1
1
0
27169
0x8b4
0xe980c71d
32
4
0
0
0
8542
0x5a40
0x5cc7b0ec
32
128
0
0
0
8611
0xb84e
0x6dfbc2c4
16
128
1
1
0
35033
0x61ec
0x3f50b3c7
2
8
1
0
0
26117
0xc79f
0xf60b30e8
128
32
0
0
0
8780
0xbc90
0x8ad356ac
64
32
0
0
0
31889
0x9cab
0x2033a02
8
64
1
1
0
37707
0x3fbd
0xb8674019
64
4
0
0
0
13933
0xdb34
0xf7d882ae
1
8
1
1
0
31421
0x9817
0xd51f71b0
256
16
0
0
0
25640
0x98d
0x70d9b529
8
64
1
0
0
17569
0x536b
0x7a65ecb8
16
16
0
0
0
12640
0x22e3
0x409a9ff7
2
1
1
0
0
30985
0xcc77
0xaaf3f37b
128
32
1
1
0
1081
0xc66
0x200c6ccf
64
4
1
0
0
39407
0x40e4
0x28919d64
256
64
0
0
0
23681
0xde03
0x3e2987b0
32
64
1
0
0
7088
0x7de8
0x8e36dc97
2
1
1
1
0
10600
0x1666
0xd1f2a279
4
64
1
0
0
25098
0xb413
0x234dc2df
4
256
0
0
0
690
0xf2d4
0x88d30302
128
16
0
0
0
26712
0x17d9
0x277c2ace
4
32
1
0
0
11290
0x5daf
0x82a3168
1
2
1
0
0
37896
0x8b91
0x5147a45b
16
128
0
0
0
32209
0xd6b2
0xd50252a6
64
256
1
1
0
33710
0xf47a
0x2b0ef453
128
2
0
0
0
7374
0x4d59
0xa7d9f469
4
4
1
0
0
5088
0xc5e
0x52ec3dc5
1
2
1
1
0
35390
0xc47d
0xdb39571
64
64
0
0
0
13160
0x366c
0x53a6782a
2
16
0
0
0
29273
0x7bed
0x2152b84
2
64
0
0
0
10029
0x421e
0x949b375a
128
32
1
1
0
38821
0xfb44
0xb234e116
1
128
0
0
0
11850
0x275f
0x104fc910
64
4
1
1
0
699
0xf545
0xe0a50b58
2
256
0
0
0
17954
0x2b89
0x2996ee6
32
2
0
0
0
22199
0x75c3
0xe22c019a
2
2
1
0
0
2781
0x7a7f
0xca30677b
64
4
1
0
0
10072
0x3f2e
0x3f532254
128
64
1
0
0
12669
0x7887
0x8260325d
128
1
0
0
0
4532
0x5a10
0x1b4a65de
8
32
0
0
0
25789
0xf43
0xfd8c2f76
32
32
1
0
0
2328
0x1f8c
0x15c9f085
8
4
0
0
0
8324
0x1733
0x59c7ec2b
4
8
1
0
0
18352
0x32d2
0x6902630c
64
4
1
1
0
25651
0xd03c
0x9f814b11
8
16
0
0
0
106
0x8067
0x5f3bd120
8
2
1
0
0
27918
0xadb5
0xb093fb2d
256
8
1
0
0
25047
0x67da
0xcfe8c827
32
4
1
1
0
12408
0x5538
0x3152940
1
1
0
0
0
19236
0x3969
0xade924a9
4
4
0
0
0
5899
0xbf9e
0x41eea9d2
8
2
0
0
0
34118
0x4f55
0xd50147f
64
128
0
0
0
13681
0x5e72
0x4155537c
16
256
0
0
0
21510
0x6dbe
0xdd37bb2c
32
2
0
0
0
32323
0xbce0
0x2f2e983c
128
1
1
1
0
10862
0x5b5c
0xc8248560
2
4
1
0
0
758
0xf627
0x37a756a5
4
8
0
0
0
39496
0x163d
0xee61107f
4
16
0
0
0
34821
0x2141
0xa4c7808f
256
256
0
0
0
23119
0xdfaf
0x9d46dc41
32
1
0
0
0
32207
0x58d7
0xe7788931
16
2
1
1
0
18619
0x2b95
0xdf88279d
8
2
0
0
0
32623
0xb26e
0xa5ccdddb
4
64
0
0
0
12909
0x126c
0x35165c12
1
128
0
0
0
5594
0xb2b8
0xdd6e19b0
2
64
1
1
0
19792
0xcefa
0x88a9af8a
128
1
0
0
0
16849
0xa4f6
0x386b51d5
1
128
1
0
0
30349
0xe469
0xe6634c6b
2
256
1
0
0
1281
0x589e
0x66218a0b
64
2
0
0
0
37656
0xfcaf
0x1ca0d75a
1
64
0
0
0
10215
0x6d5a
0xba916fb1
256
32
1
0
0
1666
0xe791
0x3084f861
256
64
0
0
0
26638
0xceed
0x88934040
1
64
1
0
0
15008
0x9454
0xd1194f65
64
32
1
0
0
30120
0x3b41
0x4e127b32
64
2
0
0
0
24816
0xa5af
0xb0e80923
4
64
0
0
0
26091
0x698
0x8b099b34
256
1
0
0
0
764
0x2043
0xf58e2a98
1
32
0
0
0
28563
0x6a70
0xb09ab2ba
4
256
1
0
0
13694
0x1989
0xa2df6b6a
128
2
0
0
0
13618
0x5f8d
0xc27c248d
8
256
1
0
0
31497
0x290a
0x2b66f708
1
256
0
0
0
1445
0xe96d
0xc0f4aec0
64
2
1
1
0
32344
0xfb15
0xfd64ed60
16
8
0
0
0
17617
0x3591
0x847dbaa4
8
8
0
0
0
10175
0xf728
0x29aa2b59
2
64
1
1
0
11186
0xe5de
0x1908c876
2
1
1
0
0
291
0x2ca9
0x919f309d
128
1
0
0
0
17090
0xca2f
0xd73b7b0c
128
16
1
1
0
4755
0x69e1
0x47d50713
8
256
1
1
0
2292
0x2c23
0x264d39a4
16
4
1
1
0
19172
0xceb2
0x5c8fcb65
2
64
1
0
0
9623
0x1169
0x7f12e424
2
4
1
0
0
29702
0x2832
0x3949737a
16
8
1
1
0
23876
0x6226
0xe2a0eae3
8
4
0
0
0
16048
0x7c40
0x7ce095d6
1
32
0
0
0
39466
0xbd16
0x1b34fd9a
256
1
0
0
0
2023
0x5377
0xf0d15799
16
256
1
0
0
30083
0xcc25
0x68c2b2e
32
4
1
0
0
26130
0xc694
0x68469fd8
8
16
0
0
0
8522
0xb165
0x48dd3323
32
4
0
0
0
34469
0xb4b0
0x1a347300
1
16
1
0
0
7313
0x61e1
0x2fd4d085
32
16
1
1
0
29223
0xc3f2
0xa7a0ffe
8
4
1
1
0
31881
0x4028
0xc4d3a481
4
128
0
0
0
36507
0x1108
0x47d0d800
128
256
1
1
0
5904
0x9e9
0x5ca3c11
256
32
0
0
0
22050
0xf83b
0xb4a3db29
16
256
0
0
0
13205
0x2ba9
0xf11b9990
4
64
1
1
0
18983
0x2113
0x86f70a8d
32
16
1
0
0
36297
0x72ed
0x87f91aba
32
16
0
0
0
31657
0xfd90
0x1764b5c8
2
256
0
0
0
1918
0x3328
0xad01ef78
32
4
1
1
0
175
0x81a3
0xf9dd28bf
256
8
0
0
0
27572
0x2e11
0x59d9e83d
8
4
1
1
0
2368
0x2812
0x93e520b7
2
16
1
1
0
25561
0xe140
0x712c9035
1
16
0
0
0
13509
0xd5f4
0x295c3a4a
1
4
0
0
0
1286
0x26bf
0x5a73db9e
2
32
0
0
0
31338
0x4e3d
0x186d04d0
32
64
0
0
0
36103
0x9441
0x5dd7c43
1
64
1
1
0
5491
0x2835
0x713ee34e
32
128
1
0
0
18408
0x43a8
0xd4690e9c
8
4
1
1
0
32608
0x6210
0x445554a2
16
256
1
1
0
38212
0x5d68
0xfa6a136
2
1
1
1
0
13250
0xb825
0x7a8bc60
128
32
0
0
0
37362
0x120e
0x25a67b8a
1
128
0
0
0
7243
0x37b3
0x68c69ef6
64
4
1
1
0
24880
0x3c47
0xd9e7ebb7
1
2
0
0
0
22674
0xef95
0x975fcbd0
16
32
0
0
0
24884
0xfa7a
0x771e7dc7
8
32
0
0
0
27449
0x86c6
0x961f2159
64
16
0
0
0
17816
0x5ab0
0xd430c296
4
32
0
0
0
28482
0x3dbf
0xa7ae18ce
16
128
1
1
0
30099
0xd664
0x82d201d3
16
128
1
0
0
39327
0xc7b0
0x477b7b60
8
4
0
0
0
14869
0xd5e1
0xcedec035
2
8
1
0
0
31405
0xda13
0x7e914d27
4
256
0
0
0
1803
0x4e75
0xe0c22daa
32
64
0
0
0
24432
0x603b
0x17c3eee1
256
8
0
0
0
33214
0xdaa8
0x4a203016
8
1
0
0
0
21528
0xd0c8
0x40f13ca1
64
32
1
0
0
11560
0x4d35
0x8ba764b2
64
64
0
0
0
34444
0xfa91
0x744cc1fa
16
1
0
0
0
29048
0x6d89
0xb3b5197e
64
256
1
1
0
5601
0x4a4e
0x276dc4c2
1
64
1
1
0
27847
0x3771
0x722c5537
2
64
1
0
0
561
0x5db2
0xd9a8958e
2
128
1
1
0
36081
0xb7b
0x9bfbabd3
1
4
0
0
0
39835
0x8e47
0x22f03a77
256
1
0
0
0
17581
0x306d
0xd9ace7ad
1
32
0
0
0
1782
0xf8df
0x8e972830
4
1
0
0
0
22122
0x908a
0xd57355de
64
2
0
0
0
21610
0xcb51
0xeb0b29dd
4
128
0
0
0
34420
0x8492
0x2d749dd
16
64
0
0
0
8769
0xf01
0x252fee30
4
2
0
0
0
12561
0x5b1d
0xd4cc8aa2
64
32
1
1
0
21368
0xa8a
0x2ebbb1cd
128
32
1
1
0
31936
0x7a9f
0xee10ab2f
8
2
1
1
0
38660
0x1011
0xefe28524
32
4
1
1
0
9830
0xc0a1
0x851e815b
2
128
0
0
0
11000
0x86d0
0x5b22c553
128
1
0
0
0
15669
0x9e6f
0x6971c9e
128
16
1
0
0
2181
0x320c
0x9ae1dd83
1
16
0
0
0
8392
0x9167
0xdb88027b
8
2
1
0
0
13808
0x5336
0xeae76c2a
1
1
0
0
0
2061
0xc31e
0xbdb4bd5c
16
64
0
0
0
11470
0xaab5
0x7af6a747
256
2
0
0
0
33553
0x2c3e
0xc651df7e
128
256
1
1
0
32067
0x95d9
0xcaef3aec
32
64
1
0
0
22432
0x2f68
0x8b8b4909
16
128
0
0
0
39509
0xb073
0xfce00851
8
4
0
0
0
2391
0xb422
0xb0a3f2e3
128
32
0
0
0
7362
0x4d90
0x8b706750
256
2
1
0
0
16702
0x68a2
0x8a5a78a1
8
16
0
0
0
35581
0x62b6
0xe8d3b009
32
32
1
0
0
11820
0x13b5
0xc2043c50
32
1
1
1
0
12650
0x6600
0x171aeb77
32
4
1
1
0
11135
0x7f9f
0xb108afe5
8
128
1
0
0
32252
0x227a
0x139e8840
256
32
1
0
0
6073
0x9560
0xe76cd7dd
32
8
0
0
0
27404
0x184f
0x708fed19
128
4
0
0
0
16371
0x9246
0x92371b36
4
256
1
1
0
31031
0xbe49
0x84dec98e
1
1
0
0
0
32942
0xa2b1
0x1c0ae32
8
1
1
0
0
33964
0xd06e
0x57a98279
4
64
0
0
0
30319
0x3a3e
0xc9e4244a
128
4
0
0
0
12100
0xa528
0xf7a53930
128
1
0
0
0
8298
0x6e08
0xaaea7159
8
1
1
1
0
23266
0xe032
0xeb68dd57
256
64
0
0
0
1511
0x1dc2
0xaa1d86a1
4
8
1
1
0
10957
0x71e6
0x839842f9
1
256
0
0
0
4382
0x84aa
0xa6361a30
8
16
0
0
0
27330
0x2438
0xe017b79f
2
16
0
0
0
8007
0x9975
0xd7cfd816
4
128
0
0
0
9663
0x8a02
0xf0ac6e1d
16
1
1
1
0
29851
0x32eb
0x61f8dcf4
4
64
0
0
0
17476
0xc5ba
0x8e503326
128
1
0
0
0
15853
0xfa02
0x5e74084b
256
32
1
1
0
37475
0x105e
0x99d66f08
64
2
1
1
0
2492
0x95d6
0xe4650567
256
4
0
0
0
4137
0xc675
0x22c80b37
4
32
0
0
0
8422
0xf6e6
0xfaf03b0a
32
1
0
0
0
33272
0xbc6a
0xd7145331
2
4
0
0
0
13181
0x25ef
0xc0617a3c
32
128
0
0
0
28849
0x6a1f
0x3463f9dd
32
1
1
0
0
3679
0x62f6
0xda749258
8
64
1
0
0
3302
0x2f99
0x26bdbd6
16
8
1
1
0
11590
0x3630
0xa978399b
32
32
1
1
0
21404
0xfd3e
0xa31e65de
64
64
0
0
0
36881
0xefab
0xb608d2d9
256
16
1
0
0
33334
0x999d
0xbc97b443
32
8
0
0
0
16692
0x90ae
0x9a2f0b16
1
8
0
0
0
4428
0x6636
0xa1ae84ee
32
16
0
0
0
22915
0xb08f
0xeb5e735d
64
16
0
0
0
26694
0xc309
0x39ee4caa
128
128
0
0
0
29406
0x68a0
0x608d50e2
1
64
0
0
0
33243
0x91f9
0x93453a93
1
1
0
0
0
27880
0x6280
0x95c44ea7
1
4
0
0
0
16493
0x15ea
0xb5dc4fc0
16
256
0
0
0
16988
0x97e
0xca289db6
2
2
0
0
0
13039
0xea53
0xdccb6f2e
4
64
1
1
0
28239
0x268f
0xb1bc7397
64
256
1
1
0
35278
0x62e6
0x9fc6e176
2
1
1
1
0
4957
0xd5cf
0x8cb1bce5
1
32
0
0
0
24635
0x92e2
0x3afc7293
16
1
0
0
0
7080
0xbc24
0x144b63c6
128
1
1
1
0
9701
0x91e5
0x6d9da2b
8
1
0
0
0
29261
0x45d4
0xdff5a03e
16
8
0
0
0
38330
0x97e2
0x8870e12d
32
8
1
0
0
5242
0x97a1
0x9cc284f7
2
256
1
0
0
23365
0x3d8b
0x7a0aea91
64
8
1
1
0
20484
0x13ca
0x2fd435eb
64
1
1
1
0
20781
0x3360
0x134aa86b
1
2
0
0
0
12469
0x2297
0x445737b3
64
2
0
0
0
29807
0x2ec1
0x817dd8f4
1
256
1
0
0
16874
0x833c
0xb40a89dd
8
4
0
0
0
39472
0x57c9
0xbaa8d491
8
1
0
0
0
13525
0x5ca7
0xb9889e0d
1
128
1
0
0
15086
0x394a
0xfaa4f333
128
16
1
0
0
6269
0x9489
0xa2d1a2af
8
2
1
1
0
14971
0x6c67
0xd8182fb9
1
128
0
0
0
32529
0x486c
0x519923d0
4
32
1
0
0
36867
0x7f73
0x11fea838
128
32
0
0
0
37208
0xab8e
0xd44c3a1e
8
2
0
0
0
24374
0x4e92
0x500d4736
128
16
1
0
0
13958
0xccd3
0x1a293a09
8
16
1
0
0
15392
0xf76f
0x5293d5a8
16
256
1
1
0
14615
0x28c2
0x9ac68a8e
32
16
1
0
0
146
0x6b12
0x2339e56d
2
64
1
0
0
4856
0x8b7
0x398bf6a3
16
64
0
0
0
476
0x183c
0x21541f72
1
256
1
0
0
16916
0x7ca1
0x8ce89357
2
4
1
1
0
22208
0xa
0xf9c0a716
128
16
0
0
0
32025
0xa00e
0x44437d40
8
2
1
1
0
22368
0x70d4
0x2a97e71e
32
1
1
1
0
10938
0x7800
0xd31ef7cf
16
128
1
0
0
24372
0xd785
0xbaf89dfb
1
32
0
0
0
4273
0xdeb6
0x96669017
8
32
0
0
0
20412
0xdf04
0xaa6d207c
8
4
1
1
0
23297
0x77cd
0x6b869437
4
64
1
0
0
8781
0x79fe
0xc42a41fd
32
64
1
1
0
38418
0xeff0
0x469dff35
1
256
1
0
0
8624
0xd233
0x514db6fd
4
16
0
0
0
14352
0x631a
0xf183bda6
32
2
1
1
0
25690
0x2cb5
0xfd266fd7
64
1
0
0
0
30852
0xe382
0x582fddab
256
4
0
0
0
10183
0xb145
0x65502a08
1
2
1
0
0
17183
0xc826
0xbc534780
64
1
1
1
0
20507
0x5910
0x190b6ad9
16
32
1
0
0
27802
0xaa4c
0x1017eee7
256
2
1
0
0
28810
0x2a5f
0x24b767d2
8
1
1
1
0
7615
0x3bb3
0x5d245ac9
64
256
0
0
0
36951
0x74a6
0x31199b27
32
16
1
1
0
39771
0x897c
0x271323d0
32
2
1
1
0
16843
0x5b2d
0x298b32e
16
2
0
0
0
32685
0x3b2a
0xc5902f6b
128
256
0
0
0
7467
0x40fe
0x10c1b40b
1
32
0
0
0
12730
0xaf36
0x2097bf34
1
8
0
0
0
9578
0x192b
0x3796da99
1
16
0
0
0
13012
0x4ced
0xe43d69c1
16
16
0
0
0
15912
0x694
0x331b5883
1
128
1
0
0
30373
0x65b9
0xc7829bcf
256
4
1
1
0
23732
0xa5a
0x54249d9e
128
16
1
0
0
36812
0xdff6
0x64552b10
256
128
0
0
0
37851
0xc496
0x271a148d
2
4
1
1
0
7680
0x9ea4
0xdd90a2fa
32
8
0
0
0
419
0x1725
0x51154003
256
128
0
0
0
28729
0x5040
0xff956632
4
4
0
0
0
32370
0xc18a
0x3670992a
16
1
0
0
0
3863
0x17dd
0x6ad11d61
16
4
0
0
0
36921
0x546d
0x65c9e92d
256
256
0
0
0
6682
0x3ba6
0x9afa1569
8
8
1
0
0
487
0x4ee6
0x5a9b6fbb
128
1
1
1
0
2274
0x88d2
0x9e6a298b
32
32
0
0
0
23731
0xa66f
0x2dc10a6b
16
16
1
1
0
11732
0xa044
0x4396d308
16
16
1
1
0
20395
0x1613
0xd9f83b49
32
1
0
0
0
12510
0x8048
0x77e08ffe
16
64
0
0
0
5658
0x1c4b
0x1878c6c3
2
64
0
0
0
25557
0xf582
0x213b7b8e
8
1
1
0
0
20592
0xd020
0x399345bb
8
1
1
1
0
36740
0x844c
0x6606ccc1
64
256
0
0
0
32456
0xcda6
0x7f76ddb9
4
2
0
0
0
31942
0x4cf5
0xa33ffdd0
16
8
0
0
0
5274
0x46f5
0x99297be2
16
64
0
0
0
10419
0xebe5
0x5e42fdf5
2
128
1
1
0
31824
0xdadf
0x92e5af94
1
1
0
0
0
15263
0xcd0c
0xa3427a08
8
1
0
0
0
20104
0x5b6b
0xfe40c87c
2
256
1
1
0
38082
0xc79a
0xedffaca
1
256
1
0
0
16515
0x4eb0
0x4e30806f
16
4
0
0
0
12336
0x27c9
0xed66edcb
8
128
1
0
0
5668
0x6bd8
0x1d937e35
1
8
0
0
0
15942
0x5c8f
0x4f4fb0da
1
32
0
0
0
34235
0xea63
0xc7724803
8
2
1
1
0
21558
0xe1d6
0xf5b94ee2
4
64
1
0
0
34204
0x317b
0x799519b8
16
2
1
0
0
30627
0x91cd
0x8563df29
32
2
1
1
0
24642
0xb3e0
0xef23f4e5
4
1
1
1
0
31247
0x2dd3
0xd08f94f3
1
2
1
1
0
37432
0xa3ac
0x1a7fcf1b
64
128
1
1
0
35429
0xdde3
0x2ff76cd4
16
256
1
1
0
24000
0x7b9f
0x202c60c5
16
256
0
0
0
27560
0x84ab
0x9029fef2
16
128
0
0
0
4895
0xb2aa
0x3e6362e9
16
256
1
1
0
3875
0x42f4
0x9b576f0c
128
8
1
0
0
25955
0xf9e7
0x4426e732
128
4
0
0
0
13442
0xed24
0x3c09fcc5
8
16
0
0
0
27563
0x8753
0x1d9d9793
8
128
1
0
0
35864
0x8285
0xd80ba9be
2
128
0
0
0
7321
0x2789
0x95b6047d
4
32
1
1
0
2203
0xc258
0x8c8a9a64
128
8
1
1
0
8374
0x3318
0x11bc43a7
32
128
1
0
0
27868
0x5ec1
0xe866de70
16
64
1
0
0
17467
0xa83d
0xdb2a5047
256
32
0
0
0
13940
0x68af
0xa1acf619
16
1
1
0
0
13160
0x63fb
0x2f980a62
8
64
0
0
0
18925
0x2c42
0xf4e11d9d
64
1
1
1
0
21454
0xc141
0x9bf0e3c
32
1
1
0
0
1300
0x1132
0xaf10beaa
2
1
0
0
0
29460
0x206b
0x3b67cf7e
1
16
1
1
0
24899
0xf4ee
0xa5b9786e
256
256
1
1
0
12731
0x77c4
0xd5770394
2
256
1
1
0
2458
0x25b
0x3cc32c8b
16
1
0
0
0
33227
0x1e4
0xac4c0b9
128
32
0
0
0
18711
0x8574
0x210026c8
16
16
1
1
0
3106
0x6976
0x38cfb61d
1
4
1
0
0
15881
0x8ffc
0xe6e74162
4
1
1
1
0
13527
0x3396
0xa8dd41d6
16
128
1
1
0
39467
0x417b
0xf409c192
16
256
1
1
0
17096
0x6771
0x2bd4f078
256
1
1
1
0
20144
0x6c2b
0x6ebce05c
64
16
1
0
0
19493
0x7ba
0x2a973df0
16
4
0
0
0
5203
0x151
0x16baf699
16
256
0
0
0
25423
0x71ae
0x67bb535
4
8
1
0
0
37347
0xcddb
0xd15baa0e
2
4
1
1
0
26376
0x131e
0x54107eaf
64
2
0
0
0
32040
0x6fe7
0x48f3ce82
256
128
1
1
0
17767
0x1740
0x53747556
16
2
0
0
0
5083
0xe71
0xb421e4c6
64
128
1
1
0
1528
0xfe32
0x3af03db7
128
128
0
0
0
32077
0xde55
0x27cb7cef
128
64
1
0
0
33837
0x4c8e
0xd841e6b3
4
4
1
1
0
8274
0x2b27
0x243d3583
256
16
0
0
0
20965
0x9e8a
0x877e57ec
4
64
0
0
0
14736
0x6b84
0xf3782d3e
8
8
1
0
0
28261
0x67fe
0xa7ae4e60
32
64
0
0
0
6584
0x1ff3
0xa30066c2
2
8
0
0
0
13861
0x2198
0x60a928c4
1
8
1
1
0
10174
0xd4d0
0x148d9721
16
2
0
0
0
712
0x5a6c
0x9024739
4
1
0
0
0
30256
0x4145
0x9ec1fb66
32
256
0
0
0
33917
0xd83
0x6f00ad11
256
4
0
0
0
13919
0x9879
0x5e4d7fed
128
128
0
0
0
27997
0xd606
0xb2e62ffb
8
16
1
1
0
34971
0xf134
0x60c39ccc
4
256
1
0
0
27125
0x4edf
0x1d9ce0a3
2
32
1
0
0
30791
0xcbaf
0x6a0ca0d6
8
2
1
0
0
24027
0xe157
0x6c3f5f0
256
4
1
0
0
17672
0x8065
0xd6a64926
256
1
1
0
0
30615
0xbb4e
0xee6d8f5e
4
128
1
1
0
19171
0xdd5d
0x4c205c48
256
1
0
0
0
39655
0x66d
0xde42428
128
8
0
0
0
20491
0xa92
0x533b13b0
4
16
0
0
0
20470
0x58de
0x81a535a9
16
128
0
0
0
4923
0x78f2
0x34d1f10e
64
16
1
1
0
5422
0xfed9
0x1d39f33f
4
4
0
0
0
14809
0xc5f2
0x116693e
128
128
1
0
0
16247
0x8eaf
0xb6995836
16
16
1
0
0
24729
0x1731
0xe54b601a
16
16
0
0
0
13498
0x4f70
0xdb6dff73
128
32
1
0
0
17327
0x9fd8
0x9bd9bc62
4
256
0
0
0
39474
0x82d4
0xf5d8c4f2
256
16
0
0
0
27235
0x947a
0x20eb61c5
64
1
1
0
0
597
0xcebe
0x97d181e5
1
4
0
0
0
11426
0x6760
0xd5ecbb6a
128
4
1
1
0
38546
0xdf4d
0x52aad766
1
128
1
0
0
37638
0x48b6
0xf233fbf0
2
64
0
0
0
24356
0x49d4
0xfcbdf47d
2
1
1
0
0
26244
0x25d0
0x9f95e495
1
32
1
0
0
36892
0x9bea
0xf4e19abc
256
128
0
0
0
13526
0x6b16
0xae3eb3ea
256
2
0
0
0
36394
0x3a1f
0x32cd990b
128
128
0
0
0
4748
0x1f84
0xaf4898b7
1
2
1
1
0
23388
0xcfa4
0x48dc1680
64
4
1
1
0
26864
0x3bd9
0x5249f6e0
32
8
1
0
0
2727
0x9fd
0xa801135e
64
64
1
1
0
8927
0xf433
0x4e36c7e8
2
2
0
0
0
11857
0xe181
0x5527695e
256
16
1
0
0
23284
0xc0d6
0x7dc76f90
16
1
0
0
0
10951
0x4d57
0x29eba2d0
128
8
0
0
0
12185
0x4a07
0x98a22b64
2
32
1
0
0
35693
0x5440
0x575595fe
128
16
0
0
0
24687
0xdd3d
0xf771b853
256
1
1
1
0
26275
0x6a7
0xd1b5b868
16
2
0
0
0
25521
0x1c2e
0x8155207b
1
4
1
1
0
9515
0xb6dc
0xc5117138
128
8
0
0
0
19754
0xdd3f
0x173e3154
2
64
1
0
0
39148
0x7ee9
0x73f10b8e
2
2
1
0
0
30244
0xd4b6
0xea086d19
8
16
0
0
0
23004
0x8419
0xceeb694f
1
32
0
0
0
