20
0xab627764
0xd6e77ce5
0
1
4
1
0
0
0
310
0x52a6ef2c
0xd6e77d19
0
1
1
1
1
0
0
594
0xc1714202
0xd6e77dce
0
1
1
16
1
0
0
220
0x712046f0
0xd6e77dc1
0
1
8
4
1
1
0
25
0x4c7e826c
0xd6e77e2f
0
1
2
8
1
1
0
1012
0x3658e84
0xd6e77c56
0
1
128
64
0
0
0
925
0x7a2748f5
0xd6e780b4
0
1
64
8
1
1
0
512
0x52f4bf8b
0xd6e78623
0
1
8
1
1
1
0
75
0xac6ac8f5
0xd6e7867f
0
1
8
2
0
0
0
243
0xa370c383
0xd6e7863d
0
1
4
64
1
1
0
515
0x9b9189f1
0xd6e7881a
0
1
128
64
0
0
0
237
0xa8aab7f7
0xd6e78950
0
1
32
1
0
0
0
968
0xf8171827
0xd6e78800
0
1
64
2
0
0
0
4
0x7e1f386d
0xd6e78ba9
0
1
32
16
0
0
0
494
0x5f398235
0xd6e78c61
0
1
8
128
0
0
0
902
0xc2bdf5b1
0xd6e790d7
0
1
8
1
0
0
0
534
0x3cff5a28
0xd6e78ec4
0
1
1
128
1
1
0
203
0x2f53dffd
0xd6e78f2f
0
1
4
16
1
1
0
930
0x4e2d8ad1
0xd6e78d62
0
1
64
8
0
0
0
324
0x33dde290
0xd6e78cdd
0
1
128
2
0
0
0
756
0x454c74ca
0xd6e78a8a
0
1
2
1
1
1
0
306
0x2534fd0c
0xd6e78c91
0
1
64
2
0
0
0
662
0x4a456932
0xd6e79016
0
1
8
8
0
0
0
884
0xdfff2bc3
0xd6e79488
0
1
128
128
1
0
0
184
0x6a941413
0xd6e79622
0
1
32
64
1
0
0
486
0x2f078106
0xd6e7948d
0
1
128
32
0
0
0
814
0xf74f53d3
0xd6e79541
0
1
2
1
1
0
0
669
0x50774103
0xd6e79743
0
1
32
64
0
0
0
902
0x95fba959
0xd6e794ab
0
1
4
32
1
1
0
743
0x90694767
0xd6e795b6
0
1
16
128
1
0
0
488
0x74e13c18
0xd6e798a8
0
1
64
8
1
0
0
929
0x5231fbbe
0xd6e79b6e
0
1
16
128
0
0
0
520
0xab0e7e96
0xd6e79a1e
0
1
4
64
1
0
0
270
0x72462b77
0xd6e79b1a
0
1
4
4
0
0
0
478
0x9579ebb6
0xd6e79ad7
0
1
16
8
0
0
0
649
0x994d13
0xd6e79c0e
0
1
4
8
0
0
0
482
0xf0257c3
0xd6e79b44
0
1
8
16
1
1
0
178
0x7aa43bd
0xd6e79c91
0
1
16
1
0
0
0
205
0xb0f62cc9
0xd6e79d66
0
1
64
32
0
0
0
82
0x935f34b4
0xd6e79e2e
0
1
16
32
1
1
0
262
0x60ee88f4
0xd6e79f62
0
1
128
128
0
0
0
490
0x2f0965e
0xd6e7a0c5
0
1
2
8
0
0
0
93
0xc0590ab1
0xd6e7a2c4
0
1
1
32
1
1
0
241
0x6f1a022f
0xd6e7a2fc
0
1
8
64
1
1
0
537
0x517e425a
0xd6e7a371
0
1
32
128
0
0
0
769
0xfceaf94a
0xd6e7a3f0
0
1
128
32
0
0
0
182
0x935b08f1
0xd6e7a78e
0
1
32
32
1
1
0
892
0xa15916f7
0xd6e7a788
0
1
2
1
0
0
0
1014
0xda0cc69c
0xd6e7a470
0
1
64
2
0
0
0
105
0x1d25c7a4
0xd6e7a426
0
1
64
128
1
0
0
108
0x60251471
0xd6e7a3e8
0
1
16
128
0
0
0
638
0x4c276034
0xd6e7a3ad
0
1
16
64
1
1
0
522
0xf7107954
0xd6e7a54e
0
1
4
32
1
1
0
218
0xbc3b5d59
0xd6e7a76d
0
1
64
1
0
0
0
208
0x682ec1d9
0xd6e7a7a3
0
1
128
1
0
0
0
563
0xa7121d53
0xd6e7a70e
0
1
128
8
1
1
0
61
0xfb6dd258
0xd6e7a8d8
0
1
128
4
0
0
0
387
0x2d36f5de
0xd6e7a96d
0
1
16
32
1
1
0
927
0x8389563c
0xd6e7ac1f
0
1
16
32
1
0
0
594
0x4a781f33
0xd6e7ac9d
0
1
2
4
0
0
0
29
0x1536cb24
0xd6e7ae98
0
1
2
4
0
0
0
502
0x283d23bc
0xd6e7ae32
0
1
4
32
0
0
0
1013
0xb65f105b
0xd6e7b37e
0
1
16
4
0
0
0
454
0x2ad833aa
0xd6e7b453
0
1
128
128
1
1
0
428
0xe89e1092
0xd6e7b61e
0
1
16
4
0
0
0
980
0x139f7ff2
0xd6e7b6a1
0
1
32
4
0
0
0
709
0x95013a2c
0xd6e7b408
0
1
1
128
1
1
0
504
0xadc2ecb7
0xd6e7b700
0
1
64
128
1
0
0
983
0x1f6209ed
0xd6e7b8b2
0
1
16
2
1
0
0
167
0xee273541
0xd6e7bbec
0
1
128
128
0
0
0
42
0x7775e17b
0xd6e7bc15
0
1
16
16
1
0
0
772
0xdc53323
0xd6e7b938
0
1
128
1
0
0
0
233
0x8577e228
0xd6e7b94a
0
1
8
64
1
1
0
762
0xbc866c5b
0xd6e7b720
0
1
16
32
0
0
0
556
0xad8a6447
0xd6e7b8ed
0
1
8
8
1
0
0
705
0x4ed1d0d4
0xd6e7bb62
0
1
8
8
0
0
0
611
0x29ed524b
0xd6e7bd25
0
1
4
1
1
0
0
446
0xbbbd8a10
0xd6e7c131
0
1
8
64
1
1
0
261
0xba58b983
0xd6e7c3a9
0
1
64
1
1
0
0
220
0xe630564d
0xd6e7c4a4
0
1
1
16
1
0
0
507
0x253141dd
0xd6e7c3c4
0
1
128
8
1
0
0
583
0x4627f662
0xd6e7c676
0
1
32
32
0
0
0
1004
0x9826c2a9
0xd6e7c8ba
0
1
2
16
1
1
0
284
0x22fa3d00
0xd6e7cc4a
0
1
4
32
1
0
0
133
0x334e53c8
0xd6e7cc88
0
1
16
4
1
1
0
719
0x4556387a
0xd6e7cc87
0
1
64
1
1
0
0
211
0xdbe7c8fa
0xd6e7cc40
0
1
8
8
0
0
0
179
0xdf534d08
0xd6e7ccdc
0
1
8
8
0
0
0
163
0xf939fca6
0xd6e7cc53
0
1
1
16
0
0
0
678
0xc190a258
0xd6e7ca2d
0
1
1
8
1
0
0
189
0xdee0489e
0xd6e7cc57
0
1
64
4
0
0
0
358
0x82ea8ae9
0xd6e7cbd3
0
1
16
1
1
0
0
412
0xcd80ec58
0xd6e7cc07
0
1
1
4
1
1
0
839
0xfd6c3082
0xd6e7d065
0
1
2
4
0
0
0
117
0x11f02d0
0xd6e7d2a6
0
1
128
1
0
0
0
41
0xe5434e60
0xd6e7d32e
0
1
4
1
1
0
0
954
0x54880a11
0xd6e7d13e
0
1
4
1
1
1
0
780
0x52440847
0xd6e7d4b6
0
1
16
1
1
0
0
372
0xf1adf83e
0xd6e7d5f2
0
1
8
16
0
0
0
505
0x2a706331
0xd6e7d8ee
0
1
64
64
1
1
0
761
0x95604d48
0xd6e7d8f4
0
1
128
8
1
1
0
688
0xb7749118
0xd6e7d7f9
0
1
32
32
1
1
0
522
0x3b4a94c5
0xd6e7da92
0
1
64
16
1
1
0
577
0x16b03077
0xd6e7da79
0
1
64
64
0
0
0
469
0xad83edd7
0xd6e7dbfa
0
1
8
8
1
1
0
827
0xaad9df5d
0xd6e7dfaf
0
1
8
32
0
0
0
613
0xf08dbe0
0xd6e7e4c1
0
1
64
4
1
1
0
631
0x7f47b73b
0xd6e7e778
0
1
128
8
0
0
0
192
0xa48be595
0xd6e7e811
0
1
1
128
0
0
0
589
0xe5937caa
0xd6e7e869
0
1
4
128
1
1
0
333
0xfce0c503
0xd6e7e7d6
0
1
4
4
0
0
0
899
0x94789006
0xd6e7e979
0
1
4
16
1
0
0
23
0x2b1d8757
0xd6e7eaee
0
1
1
2
0
0
0
777
0x81c3f782
0xd6e7eb0b
0
1
4
8
1
0
0
152
0xc84976f8
0xd6e7ebe4
0
1
4
8
0
0
0
465
0x8664eb6d
0xd6e7ecc1
0
1
8
1
1
0
0
243
0x4bd65c03
0xd6e7ed48
0
1
8
4
0
0
0
675
0x13f62abb
0xd6e7eec0
0
1
16
8
1
0
0
561
0x803cd90f
0xd6e7eceb
0
1
64
4
1
1
0
904
0x992a1d6d
0xd6e7ee78
0
1
128
16
0
0
0
474
0x16595fcd
0xd6e7ede8
0
1
4
16
1
1
0
620
0xe5d60d1e
0xd6e7ed8a
0
1
1
128
0
0
0
975
0x15b549d5
0xd6e7f34b
0
1
1
1
1
0
0
1003
0x9a08d3c8
0xd6e7f74d
0
1
4
16
1
1
0
102
0x58924777
0xd6e7f9c0
0
1
1
2
1
0
0
392
0xd92842db
0xd6e7fb0d
0
1
1
128
0
0
0
836
0x179d7efb
0xd6e7fb44
0
1
64
32
0
0
0
385
0x612746ad
0xd6e7f9e6
0
1
2
1
1
1
0
